1  	еще	2323.9	45
2  	уже	2179.2	50
3  	очень	1286.8	69
4  	можно	1125.9	82
5  	надо	993.2	91
6  	нет	874.0	107
7  	тоже	841.5	111
8  	более	706.2	133
9  	конечно	647.3	139
10  	также	569.9	158
11  	вдруг	503.2	180
12  	почти	501.7	183
13  	сразу	486.0	189
14  	хорошо	485.7	190
15  	сегодня	463.5	202
16  	совсем	460.5	204
17  	вообще	417.6	225
18  	больше	415.3	227
19  	вместе	414.3	228
20  	например	398.0	243
21  	нужно	353.7	277
22  	опять	342.2	288
23  	снова	334.4	296
24  	нельзя	317.7	313
25  	особенно	300.3	337
26  	рядом	291.8	349
27  	назад	290.7	351
28  	совершенно	280.3	372
29  	значит	274.9	382
30  	давно	272.0	386
31  	действительно	268.6	389
32  	наконец	265.9	393
33  	часто	257.8	408
34  	быстро	255.7	412
35  	долго	253.1	417
36  	правда	252.4	418
37  	иногда	249.8	421
38  	чуть	248.3	425
39  	затем	241.3	438
40  	слишком	230.1	464
41  	вполне	229.8	466
42  	далее	229.6	467
43  	может	221.0	488
44  	впрочем	220.7	489
45  	наверное	220.2	491
46  	пока	213.4	508
47  	достаточно	204.7	535
48  	менее	192.9	578
49  	кстати	190.3	591
50  	сначала	184.6	608
51  	довольно	180.2	618
52  	однажды	170.2	666
53  	домой	169.6	669
54  	скоро	167.3	679
55  	наиболее	167.2	680
56  	обычно	166.7	682
57  	далеко	165.5	688
58  	трудно	163.3	698
59  	возможно	161.8	702
60  	точно	161.7	704
61  	весьма	158.8	724
62  	легко	157.9	731
63  	впервые	155.5	743
64  	видно	155.2	744
65  	немного	151.9	770
66  	практически	149.4	781
67  	необходимо	149.0	785
68  	вовсе	145.3	807
69  	рано	144.1	817
70  	несмотря	143.9	819
71  	сильно	143.9	820
72  	кажется	143.2	827
73  	известно	143.0	831
74  	дома	142.5	832
75  	завтра	138.5	865
76  	видимо	136.4	878
77  	мало	135.8	883
78  	одновременно	135.4	886
79  	тихо	135.0	890
80  	недавно	133.3	905
81  	вновь	130.3	922
82  	вперед	128.1	936
83  	вчера	127.6	938
84  	полностью	127.0	944
85  	плохо	126.5	947
86  	постоянно	124.6	957
87  	едва	123.1	971
88  	ясно	120.8	985
89  	обязательно	120.2	995
90  	прямо	118.0	1015
91  	медленно	115.4	1044
92  	спокойно	112.1	1078
93  	вскоре	110.5	1093
94  	невозможно	108.5	1120
95  	примерно	107.8	1126
96  	гораздо	106.5	1140
97  	уж	106.2	1144
98  	неожиданно	106.1	1145
99  	наоборот	101.9	1184
100  	естественно	100.8	1196
101  	вниз	100.7	1198
102  	главное	100.7	1199
103  	разумеется	99.7	1212
104  	явно	98.5	1232
105  	интересно	96.4	1266
106  	правильно	94.7	1292
107  	пожалуй	93.9	1305
108  	поздно	92.5	1321
109  	постепенно	91.7	1339
110  	резко	91.7	1340
111  	во-первых	88.5	1381
112  	понятно	88.4	1385
113  	настолько	88.3	1386
114  	абсолютно	88.2	1389
115  	несколько	88.2	1391
116  	очевидно	88.2	1392
117  	лично	87.8	1399
118  	обратно	87.7	1401
119  	страшно	87.2	1418
120  	прежде	87.1	1419
121  	слегка	86.3	1432
122  	собственно	85.7	1441
123  	много	84.0	1478
124  	просто	82.6	1499
125  	вряд	81.7	1513
126  	случайно	80.5	1536
127  	высоко	80.3	1539
128  	по-прежнему	79.8	1547
129  	вверх	79.3	1558
130  	насколько	78.9	1570
131  	странно	78.9	1573
132  	вероятно	78.5	1577
133  	молча	78.1	1583
134  	немедленно	77.6	1588
135  	скажем	74.9	1634
136  	должно	74.1	1645
137  	специально	73.9	1649
138  	буквально	73.0	1658
139  	значительно	73.0	1661
140  	вокруг	72.7	1665
141  	во-вторых	72.3	1675
142  	пора	71.0	1702
143  	тяжело	70.3	1719
144  	осторожно	69.8	1729
145  	впереди	69.3	1743
146  	внимательно	67.8	1775
147  	прекрасно	67.3	1789
148  	громко	67.1	1796
149  	ранее	66.5	1810
150  	соответственно	66.0	1822
151  	важно	65.6	1830
152  	сверху	65.4	1840
153  	редко	65.0	1859
154  	честно	64.7	1865
155  	широко	64.0	1890
156  	окончательно	63.2	1910
157  	заранее	63.0	1915
158  	строго	62.6	1926
159  	наверно	62.0	1942
160  	похоже	61.7	1950
161  	серьезно	61.6	1955
162  	весело	59.2	2017
163  	вслед	58.7	2030
164  	глубоко	58.4	2042
165  	особо	58.2	2049
166  	зря	57.4	2071
167  	навстречу	56.8	2091
168  	крайне	56.2	2114
169  	чисто	56.2	2118
170  	фактически	55.8	2133
171  	больно	55.6	2140
172  	ныне	55.6	2141
173  	напротив	54.9	2164
174  	наверняка	54.7	2171
175  	жалко	54.4	2180
176  	внезапно	54.2	2185
177  	спасибо	53.4	2213
178  	активно	52.6	2244
179  	говорят	52.6	2245
180  	жаль	52.0	2263
181  	непосредственно	50.9	2302
182  	неизвестно	50.6	2313
183  	приятно	50.6	2314
184  	верно	50.3	2323
185  	крепко	50.2	2325
186  	следовательно	49.9	2337
187  	четко	49.0	2394
188  	решительно	48.5	2417
189  	впоследствии	47.7	2443
190  	успешно	46.5	2496
191  	безусловно	46.2	2508
192  	близко	46.2	2509
193  	сзади	45.6	2535
194  	внизу	45.3	2541
195  	отлично	45.0	2554
196  	тщательно	43.7	2596
197  	чрезвычайно	43.6	2605
198  	отнюдь	43.5	2607
199  	стыдно	43.5	2608
200  	нередко	43.3	2620
201  	непременно	43.2	2626
202  	мгновенно	42.3	2682
203  	существенно	42.0	2699
204  	ровно	41.7	2709
205  	твердо	40.8	2758
206  	внутри	40.4	2779
207  	вернее	40.3	2790
208  	заметно	40.3	2792
209  	радостно	40.3	2796
210  	замуж	39.8	2823
211  	дважды	39.6	2835
212  	нету	39.4	2853
213  	вправе	38.7	2886
214  	вовремя	38.4	2905
215  	сперва	37.9	2938
216  	отдельно	37.7	2952
217  	подробно	37.4	2966
218  	по-видимому	37.1	2987
219  	вечно	36.7	3009
220  	мимо	36.6	3018
221  	поначалу	36.6	3020
222  	всерьез	36.5	3025
223  	удивительно	36.2	3048
224  	срочно	36.1	3051
225  	неплохо	36.0	3057
226  	однако	35.7	3078
227  	еле	35.6	3088
228  	независимо	35.6	3091
229  	вслух	35.3	3112
230  	мягко	35.3	3116
231  	немножко	35.3	3117
232  	самостоятельно	35.3	3122
233  	коротко	35.2	3127
234  	несомненно	35.0	3139
235  	слышно	35.0	3140
236  	искренне	34.9	3149
237  	непонятно	34.7	3165
238  	справа	34.4	3183
239  	исключительно	34.2	3198
240  	незаметно	34.2	3200
241  	по-настоящему	34.1	3214
242  	холодно	34.1	3218
243  	слева	33.8	3248
244  	вплоть	33.6	3261
245  	здорово	33.4	3282
246  	нынче	33.4	3285
247  	тотчас	33.4	3288
248  	невольно	33.1	3304
249  	вначале	32.9	3325
250  	аккуратно	32.6	3346
251  	вдвоем	32.6	3348
252  	словом	32.5	3363
253  	угодно	32.1	3406
254  	свободно	31.8	3436
255  	вот-вот	31.4	3460
256  	снизу	31.4	3464
257  	уверенно	31.3	3478
258  	целиком	31.1	3505
259  	по-русски	31.0	3512
260  	наряду	30.8	3532
261  	недостаточно	30.8	3533
262  	официально	30.7	3543
263  	подряд	30.7	3545
264  	кругом	30.1	3605
265  	надолго	29.8	3634
266  	регулярно	29.7	3643
267  	смешно	29.7	3645
268  	реально	29.5	3664
269  	чуть-чуть	29.3	3692
270  	намного	29.2	3695
271  	недалеко	29.2	3696
272  	охотно	29.2	3698
273  	совместно	29.2	3700
274  	откровенно	29.1	3706
275  	слабо	29.0	3726
276  	сложно	28.8	3749
277  	заодно	28.6	3762
278  	некуда	28.6	3765
279  	отчасти	28.3	3794
280  	следом	28.3	3799
281  	стремительно	28.3	3800
282  	зачастую	28.2	3804
283  	отчетливо	27.8	3852
284  	ужасно	27.8	3855
285  	задумчиво	27.7	3859
286  	ярко	27.7	3872
287  	ежедневно	27.5	3887
288  	удобно	27.3	3914
289  	нормально	26.8	3966
290  	неоднократно	26.7	3974
291  	принципиально	26.3	4020
292  	грустно	26.1	4046
293  	дескать	26.1	4047
294  	тесно	25.9	4077
295  	красиво	25.8	4084
296  	недолго	25.7	4095
297  	неподалеку	25.7	4096
298  	ежегодно	24.9	4197
299  	заново	24.9	4198
300  	ловко	24.7	4218
301  	одинаково	24.5	4246
302  	максимально	24.3	4268
303  	внешне	24.2	4278
304  	частично	24.2	4288
305  	бесконечно	23.9	4312
306  	изнутри	23.8	4329
307  	попросту	23.8	4333
308  	прочь	23.8	4336
309  	тепло	23.7	4346
310  	бесплатно	23.6	4349
311  	ласково	23.6	4353
312  	сравнительно	23.6	4364
313  	торопливо	23.6	4365
314  	плотно	23.4	4389
315  	скучно	23.4	4392
316  	полно	23.0	4455
317  	напрасно	22.9	4466
318  	неловко	22.9	4467
319  	преимущественно	22.9	4472
320  	изредка	22.8	4483
321  	наружу	22.8	4485
322  	открыто	22.8	4486
323  	по-разному	22.8	4488
324  	мысленно	22.7	4501
325  	наверх	22.7	4502
326  	обидно	22.4	4564
327  	пешком	22.4	4568
328  	вежливо	22.3	4576
329  	ладно	22.3	4583
330  	торжественно	22.3	4588
331  	грубо	21.5	4705
332  	недаром	21.4	4719
333  	наверху	21.2	4742
334  	неизбежно	21.1	4763
335  	тихонько	21.1	4772
336  	негромко	20.8	4804
337  	потихоньку	20.7	4823
338  	относительно	20.6	4838
339  	удивленно	20.6	4844
340  	испуганно	20.3	4888
341  	конкретно	20.3	4889
342  	удачно	20.3	4904
343  	категорически	20.2	4909
344  	остро	20.2	4915
345  	упорно	20.2	4921
346  	автоматически	20.0	4938
347  	позади	20.0	4948
348  	смело	20.0	4952
349  	жарко	19.8	4979
350  	разом	19.7	5006
351  	физически	19.6	5030
352  	старательно	19.4	5072
353  	традиционно	19.4	5073
354  	поспешно	19.3	5083
355  	сбоку	19.3	5085
356  	темно	19.3	5086
357  	толком	19.3	5087
358  	изначально	19.2	5093
359  	дружно	19.0	5123
360  	снаружи	19.0	5131
361  	предварительно	18.9	5149
362  	горячо	18.8	5163
363  	нарочно	18.7	5179
364  	печально	18.7	5184
365  	горько	18.6	5200
366  	нежно	18.6	5205
367  	сердито	18.6	5211
368  	вдвое	18.4	5241
369  	впрямь	18.4	5243
370  	жестко	18.3	5267
371  	направо	18.3	5274
372  	издали	18.2	5297
373  	вдали	18.1	5308
374  	налево	18.1	5315
375  	против	18.1	5324
376  	параллельно	18.0	5346
377  	напрямую	17.8	5381
378  	неудобно	17.7	5408
379  	эффективно	17.7	5422
380  	внутрь	17.6	5425
381  	издалека	17.6	5434
382  	неизменно	17.6	5438
383  	приблизительно	17.6	5443
384  	гордо	17.5	5451
385  	сплошь	17.5	5467
386  	благополучно	17.3	5496
387  	сознательно	17.3	5515
388  	предельно	17.1	5550
389  	растерянно	16.9	5593
390  	бывало	16.8	5601
391  	единственно	16.8	5609
392  	насквозь	16.8	5614
393  	замечательно	16.7	5640
394  	отныне	16.7	5650
395  	отчаянно	16.6	5678
396  	в-третьих	16.5	5690
397  	сугубо	16.4	5734
398  	трижды	16.4	5735
399  	формально	16.4	5740
400  	временно	16.3	5742
401  	ниже	16.3	5758
402  	поистине	16.3	5768
403  	чересчур	16.3	5777
404  	вправду	16.2	5779
405  	небрежно	16.2	5786
406  	зло	16.1	5808
407  	запросто	15.9	5871
408  	накануне	15.9	5878
409  	жадно	15.8	5901
410  	опять-таки	15.7	5935
411  	справедливо	15.7	5945
412  	мучительно	15.6	5962
413  	неважно	15.6	5963
414  	незадолго	15.6	5964
415  	ненадолго	15.6	5965
416  	вплотную	15.5	5992
417  	наполовину	15.5	6003
418  	настойчиво	15.5	6004
419  	терпеливо	15.4	6035
420  	мрачно	15.3	6046
421  	неправильно	15.2	6090
422  	скромно	15.2	6102
423  	глупо	15.0	6146
424  	мирно	15.0	6153
425  	неторопливо	15.0	6154
426  	всячески	14.7	6238
427  	бережно	14.6	6273
428  	добровольно	14.6	6279
429  	моментально	14.6	6285
430  	вяло	14.5	6306
431  	нервно	14.5	6319
432  	низко	14.5	6320
433  	плавно	14.5	6323
434  	сухо	14.5	6334
435  	невероятно	14.4	6352
436  	подчас	14.4	6357
437  	последовательно	14.4	6358
438  	пристально	14.4	6360
439  	однозначно	14.3	6379
440  	живо	14.2	6404
441  	неподвижно	14.2	6410
442  	объективно	14.2	6412
443  	прочно	14.2	6421
444  	равнодушно	14.2	6422
445  	густо	14.1	6433
446  	определенно	14.1	6449
447  	публично	14.1	6456
448  	неприятно	14.0	6481
449  	условно	14.0	6496
450  	шумно	14.0	6498
451  	пополам	13.9	6519
452  	шепотом	13.8	6564
453  	втроем	13.7	6568
454  	желательно	13.7	6571
455  	задолго	13.7	6572
456  	выгодно	13.5	6629
457  	нехорошо	13.5	6648
458  	даром	13.4	6673
459  	любопытно	13.4	6678
460  	понемногу	13.4	6685
461  	безнадежно	13.3	6699
462  	круто	13.3	6713
463  	лениво	13.3	6714
464  	по-английски	13.3	6720
465  	дорого	13.2	6731
466  	наизусть	13.2	6741
467  	периодически	13.2	6749
468  	нелегко	13.1	6779
469  	первоначально	13.0	6821
470  	послушно	13.0	6825
471  	равно	13.0	6829
472  	вправо	12.9	6839
473  	недовольно	12.9	6851
474  	противно	12.9	6862
475  	умело	12.9	6868
476  	устало	12.9	6869
477  	применительно	12.8	6905
478  	робко	12.8	6909
479  	убедительно	12.8	6911
480  	внутренне	12.7	6918
481  	туго	12.7	6948
482  	бодро	12.6	6957
483  	глухо	12.6	6961
484  	дополнительно	12.6	6962
485  	машинально	12.6	6966
486  	негде	12.6	6968
487  	необыкновенно	12.6	6970
488  	непрерывно	12.6	6972
489  	счастливо	12.6	6981
490  	влево	12.5	6991
491  	теоретически	12.5	7019
492  	заведомо	12.4	7031
493  	пусто	12.3	7089
494  	вовсю	12.2	7101
495  	достойно	12.2	7105
496  	изрядно	12.2	7108
497  	необычайно	12.2	7120
498  	привычно	12.2	7137
499  	давным-давно	12.1	7157
500  	наутро	12.1	7170
501  	покорно	12.0	7222
502  	сладко	12.0	7231
503  	тайно	12.0	7233
504  	яростно	12.0	7241
505  	поблизости	11.9	7265
506  	после	11.9	7269
507  	смутно	11.9	7280
508  	суждено	11.9	7282
509  	наедине	11.8	7307
510  	напряженно	11.8	7308
511  	надежно	11.7	7346
512  	нетрудно	11.7	7348
513  	многократно	11.6	7388
514  	неуверенно	11.6	7392
515  	щедро	11.6	7414
516  	жутко	11.5	7420
517  	мелко	11.5	7426
518  	подолгу	11.5	7440
519  	страстно	11.5	7452
520  	упрямо	11.5	7455
521  	экономически	11.5	7461
522  	тревожно	11.4	7497
523  	бегом	11.3	7504
524  	исторически	11.3	7511
525  	нетерпеливо	11.3	7519
526  	видать	11.2	7542
527  	сурово	11.1	7620
528  	налицо	11.0	7656
529  	напоследок	11.0	7657
530  	тонко	11.0	7676
531  	безумно	10.9	7689
532  	профессионально	10.9	7718
533  	вдобавок	10.8	7740
534  	нехотя	10.8	7758
535  	отрицательно	10.8	7761
536  	тупо	10.8	7783
537  	частенько	10.8	7787
538  	виновато	10.7	7793
539  	деловито	10.7	7798
540  	жалобно	10.7	7800
541  	насмешливо	10.7	7817
542  	бесшумно	10.6	7844
543  	качественно	10.6	7868
544  	хмуро	10.6	7904
545  	подозрительно	10.5	7938
546  	смущенно	10.5	7954
547  	судорожно	10.5	7957
548  	бессмысленно	10.4	7969
549  	уютно	10.4	8020
550  	идеально	10.3	8035
551  	лихо	10.3	8041
552  	неохотно	10.2	8092
553  	опасно	10.2	8094
554  	снисходительно	10.2	8109
555  	наглядно	10.0	8196
556  	смертельно	10.0	8216
557  	впредь	9.9	8235
558  	жестоко	9.9	8239
559  	основательно	9.9	8252
560  	по-человечески	9.9	8262
561  	раздраженно	9.9	8267
562  	социально	9.9	8273
563  	истинно	9.8	8297
564  	презрительно	9.8	8313
565  	замужем	9.7	8343
566  	начисто	9.7	8355
567  	одиноко	9.7	8358
568  	светло	9.7	8372
569  	послезавтра	9.6	8422
570  	только-только	9.5	8496
571  	беззвучно	9.4	8503
572  	прилично	9.4	8542
573  	энергично	9.4	8571
574  	великолепно	9.2	8638
575  	положительно	9.2	8675
576  	назло	9.1	8731
577  	прямо-таки	9.1	8750
578  	быстренько	9.0	8765
579  	кратко	9.0	8776
580  	воистину	8.9	8808
581  	грозно	8.9	8812
582  	полезно	8.9	8835
583  	спереди	8.9	8848
584  	дико	8.8	8872
585  	тоскливо	8.8	8926
586  	хорошенько	8.8	8932
587  	лихорадочно	8.7	8964
588  	своевременно	8.7	8992
589  	болезненно	8.6	9009
590  	незачем	8.6	9035
591  	позавчера	8.6	9046
592  	бурно	8.5	9080
593  	демонстративно	8.5	9088
594  	по-новому	8.5	9115
595  	хрипло	8.5	9149
596  	любезно	8.4	9178
597  	навеки	8.4	9182
598  	приветливо	8.4	9201
599  	чудом	8.4	9224
600  	блестяще	8.3	9235
601  	извне	8.3	9244
602  	мельком	8.3	9251
603  	насмерть	8.3	9256
604  	политически	8.3	9274
605  	сдержанно	8.3	9287
606  	угрюмо	8.3	9303
607  	явственно	8.3	9311
608  	бесполезно	8.1	9394
609  	кверху	8.1	9416
610  	нечаянно	8.1	9427
611  	равномерно	8.1	9442
612  	брезгливо	8.0	9472
613  	вполголоса	8.0	9477
614  	напрочь	8.0	9508
615  	рассеянно	8.0	9535
616  	попутно	7.9	9598
617  	восторженно	7.8	9636
618  	всего-то	7.8	9637
619  	лень	7.8	9652
620  	морально	7.8	9656
621  	грамотно	7.7	9715
622  	вдаль	7.6	9787
623  	взамен	7.6	9790
624  	жизненно	7.6	9806
625  	право	7.6	9841
626  	психологически	7.6	9847
627  	тайком	7.6	9858
628  	тяжко	7.6	9861
629  	хитро	7.6	9867
630  	безразлично	7.5	9874
631  	вопросительно	7.5	9880
632  	излишне	7.5	9903
633  	искусственно	7.5	9905
634  	набок	7.5	9917
635  	нагло	7.5	9918
636  	назавтра	7.5	9919
637  	беспомощно	7.4	9978
638  	вольно	7.4	9987
639  	исправно	7.4	10001
640  	недоверчиво	7.4	10010
641  	неясно	7.4	10013
642  	охота	7.4	10023
643  	беда	7.3	10074
644  	вкусно	7.3	10079
645  	косвенно	7.3	10100
646  	незамедлительно	7.3	10112
647  	босиком	7.2	10170
648  	недоуменно	7.2	10210
649  	немало	7.2	10211
650  	неудивительно	7.2	10212
651  	облегченно	7.2	10214
652  	поодаль	7.2	10232
653  	по-французски	7.2	10234
654  	вроде	7.1	10278
655  	интенсивно	7.1	10294
656  	поневоле	7.1	10329
657  	тщетно	7.1	10360
658  	безжалостно	7.0	10376
659  	бесследно	7.0	10378
660  	косо	7.0	10409
661  	наивно	7.0	10413
662  	настороженно	7.0	10414
663  	невыносимо	7.0	10415
664  	обиженно	7.0	10419
665  	почтительно	7.0	10430
666  	сосредоточенно	7.0	10446
667  	спешно	7.0	10450
668  	вручную	6.9	10474
669  	деликатно	6.9	10478
670  	достоверно	6.9	10479
671  	злобно	6.9	10486
672  	непросто	6.9	10498
673  	душно	6.7	10674
674  	нелепо	6.7	10698
675  	неудачно	6.7	10701
676  	по-немецки	6.7	10716
677  	принято	6.7	10723
678  	уныло	6.7	10757
679  	безуспешно	6.6	10764
680  	вверху	6.6	10766
681  	гладко	6.6	10774
682  	звонко	6.6	10791
683  	многозначительно	6.6	10807
684  	наравне	6.6	10809
685  	оперативно	6.6	10823
686  	просто-напросто	6.6	10843
687  	слышь	6.6	10861
688  	втайне	6.5	10896
689  	детально	6.5	10905
690  	заботливо	6.5	10907
691  	намеренно	6.5	10931
692  	повсеместно	6.5	10951
693  	посередине	6.5	10956
694  	смирно	6.5	10975
695  	сочувственно	6.5	10979
696  	удовлетворенно	6.5	10989
697  	усиленно	6.5	10993
698  	целесообразно	6.5	10997
699  	экологически	6.5	11000
700  	безошибочно	6.4	11004
701  	воедино	6.4	11008
702  	добросовестно	6.4	11021
703  	духовно	6.4	11023
704  	насильно	6.4	11045
705  	озабоченно	6.4	11057
706  	долой	6.3	11141
707  	инстинктивно	6.3	11159
708  	незаконно	6.3	11181
709  	обильно	6.3	11187
710  	подлинно	6.3	11204
711  	технически	6.3	11233
712  	беспрерывно	6.2	11257
713  	забавно	6.2	11281
714  	неминуемо	6.2	11307
715  	неслышно	6.2	11309
716  	свыше	6.2	11352
717  	украдкой	6.2	11371
718  	худо	6.2	11378
719  	бесспорно	6.1	11384
720  	крупно	6.1	11430
721  	нарочито	6.1	11441
722  	невозмутимо	6.1	11444
723  	одобрительно	6.1	11448
724  	по-детски	6.1	11458
725  	поразительно	6.1	11466
726  	щас	6.1	11504
727  	верхом	6.0	11517
728  	внятно	6.0	11521
729  	неуклонно	6.0	11576
730  	поочередно	6.0	11599
731  	потенциально	6.0	11602
732  	неопределенно	5.9	11720
733  	поди	5.9	11741
734  	примечательно	5.9	11754
735  	добродушно	5.8	11813
736  	лучше	5.8	11837
737  	невзирая	5.8	11844
738  	разумно	5.8	11875
739  	чрезмерно	5.8	11906
740  	впору	5.7	11920
741  	врасплох	5.7	11921
742  	гулко	5.7	11931
743  	издавна	5.7	11948
744  	маленько	5.7	11960
745  	наперед	5.7	11972
746  	по-хорошему	5.7	12006
747  	скептически	5.7	12029
748  	укоризненно	5.7	12042
749  	беспощадно	5.6	12068
750  	бешено	5.6	12069
751  	вконец	5.6	12081
752  	вообще-то	5.6	12083
753  	всецело	5.6	12087
754  	выразительно	5.6	12090
755  	ежемесячно	5.6	12103
756  	еле-еле	5.6	12104
757  	легонько	5.6	12120
758  	настежь	5.6	12131
759  	обстоятельно	5.6	12140
760  	поперек	5.6	12163
761  	более-менее	5.5	12221
762  	взаимно	5.5	12224
763  	враз	5.5	12228
764  	наугад	5.5	12290
765  	наяву	5.5	12291
766  	ненароком	5.5	12292
767  	обыкновенно	5.5	12303
768  	радикально	5.5	12338
769  	славно	5.5	12351
770  	угрожающе	5.5	12363
771  	вмиг	5.4	12388
772  	загадочно	5.4	12406
773  	криво	5.4	12427
774  	научно	5.4	12443
775  	неведомо	5.4	12445
776  	негативно	5.4	12447
777  	нестерпимо	5.4	12452
778  	собственноручно	5.4	12506
779  	таинственно	5.4	12512
780  	чуточку	5.4	12529
781  	вблизи	5.3	12542
782  	вдалеке	5.3	12544
783  	вертикально	5.3	12545
784  	всего-навсего	5.3	12553
785  	интуитивно	5.3	12585
786  	лукаво	5.3	12603
787  	механически	5.3	12608
788  	мужественно	5.3	12611
789  	наотрез	5.3	12615
790  	наскоро	5.3	12616
791  	превосходно	5.3	12658
792  	усердно	5.3	12702
793  	адекватно	5.2	12723
794  	возмущенно	5.2	12740
795  	логично	5.2	12794
796  	мечтательно	5.2	12798
797  	наспех	5.2	12804
798  	пронзительно	5.2	12853
799  	трагически	5.2	12891
800  	трезво	5.2	12892
801  	тускло	5.2	12895
802  	юридически	5.2	12908
803  	горестно	5.1	12936
804  	искусно	5.1	12962
805  	критически	5.1	12974
806  	круглосуточно	5.1	12976
807  	мимоходом	5.1	12982
808  	мощно	5.1	12987
809  	раз	5.1	13033
810  	сроду	5.1	13050
811  	вдогонку	5.0	13080
812  	взволнованно	5.0	13082
813  	изящно	5.0	13116
814  	любовно	5.0	13133
815  	материально	5.0	13136
816  	наглухо	5.0	13147
817  	нерешительно	5.0	13152
818  	неспешно	5.0	13153
819  	нет-нет	5.0	13154
820  	ослепительно	5.0	13162
821  	понимающе	5.0	13186
822  	сердечно	5.0	13208
823  	согласно	5.0	13214
824  	уважительно	5.0	13228
825  	шибко	5.0	13242
826  	аналогично	4.9	13251
827  	безоговорочно	4.9	13255
828  	вторично	4.9	13280
829  	вызывающе	4.9	13283
830  	гневно	4.9	13289
831  	дешево	4.9	13296
832  	иронически	4.9	13308
833  	кардинально	4.9	13310
834  	мило	4.9	13328
835  	намертво	4.9	13333
836  	непроизвольно	4.9	13343
837  	неуютно	4.9	13345
838  	оживленно	4.9	13350
839  	органично	4.9	13353
840  	благодарно	4.8	13447
841  	вдвойне	4.8	13453
842  	грех	4.8	13471
843  	дурно	4.8	13480
844  	искоса	4.8	13497
845  	неуклюже	4.8	13538
846  	порой	4.8	13565
847  	эмоционально	4.8	13629
848  	возбужденно	4.7	13653
849  	вскользь	4.7	13657
850  	доверительно	4.7	13662
851  	дружески	4.7	13663
852  	ехидно	4.7	13665
853  	загодя	4.7	13667
854  	некстати	4.7	13708
855  	образно	4.7	13715
856  	паче	4.7	13726
857  	положено	4.7	13740
858  	прямиком	4.7	13750
859  	пуще	4.7	13752
860  	вбок	4.6	13813
861  	вкупе	4.6	13816
862  	властно	4.6	13817
863  	дословно	4.6	13839
864  	единогласно	4.6	13840
865  	изумленно	4.6	13855
866  	наготове	4.6	13879
867  	надобно	4.6	13881
868  	небось	4.6	13882
869  	невзначай	4.6	13883
870  	непривычно	4.6	13886
871  	нечасто	4.6	13893
872  	предположительно	4.6	13925
873  	раньше	4.6	13945
874  	свято	4.6	13964
875  	секретно	4.6	13966
876  	точь-в-точь	4.6	13981
877  	тошно	4.6	13982
878  	безвозвратно	4.5	14005
879  	беспрепятственно	4.5	14007
880  	бойко	4.5	14009
881  	вглубь	4.5	14014
882  	восхищенно	4.5	14017
883  	исподлобья	4.5	14055
884  	наизнанку	4.5	14077
885  	невесело	4.5	14078
886  	неинтересно	4.5	14079
887  	неохота	4.5	14081
888  	поутру	4.5	14111
889  	скверно	4.5	14132
890  	сокрушенно	4.5	14136
891  	убежденно	4.5	14156
892  	чутко	4.5	14172
893  	вдохновенно	4.4	14191
894  	всемирно	4.4	14198
895  	дружелюбно	4.4	14210
896  	зябко	4.4	14228
897  	неестественно	4.4	14260
898  	необязательно	4.4	14264
899  	подсознательно	4.4	14300
900  	систематически	4.4	14339
901  	солидно	4.4	14345
902  	сообща	4.4	14346
903  	впустую	4.3	14418
904  	логически	4.3	14484
905  	наименее	4.3	14495
906  	неверно	4.3	14506
907  	несправедливо	4.3	14510
908  	прохладно	4.3	14554
909  	творчески	4.3	14595
910  	уместно	4.3	14604
911  	безмерно	4.2	14632
912  	битком	4.2	14633
913  	вдребезги	4.2	14639
914  	вкратце	4.2	14645
915  	втрое	4.2	14652
916  	душевно	4.2	14672
917  	исподволь	4.2	14692
918  	мало-помалу	4.2	14703
919  	мигом	4.2	14705
920  	наперебой	4.2	14712
921  	невнятно	4.2	14716
922  	недорого	4.2	14717
923  	ощутимо	4.2	14742
924  	предостаточно	4.2	14764
925  	резонно	4.2	14782
926  	безропотно	4.1	14849
927  	бессознательно	4.1	14851
928  	бесцеремонно	4.1	14852
929  	вдоволь	4.1	14856
930  	вдоль	4.1	14857
931  	воочию	4.1	14866
932  	заочно	4.1	14900
933  	катастрофически	4.1	14918
934  	навечно	4.1	14953
935  	неспроста	4.1	14964
936  	неумолимо	4.1	14966
937  	поныне	4.1	15010
938  	слепо	4.1	15050
939  	смиренно	4.1	15051
940  	трогательно	4.1	15067
941  	беспокойно	4.0	15102
942  	богато	4.0	15107
943  	досрочно	4.0	15132
944  	единодушно	4.0	15134
945  	маловато	4.0	15181
946  	неумело	4.0	15203
947  	опасливо	4.0	15221
948  	помаленьку	4.0	15253
949  	сполна	4.0	15307
950  	стабильно	4.0	15310
951  	увлеченно	4.0	15320
952  	чудовищно	4.0	15342
953  	бегло	3.9	15363
954  	буль-буль	3.9	15372
955  	добро	3.9	15405
956  	допустим	3.9	15407
957  	насовсем	3.9	15465
958  	невдалеке	3.9	15468
959  	необычно	3.9	15470
960  	непринужденно	3.9	15474
961  	поровну	3.9	15525
962  	сонно	3.9	15575
963  	счас	3.9	15583
964  	уклончиво	3.9	15597
965  	эффектно	3.9	15619
966  	ввысь	3.8	15636
967  	генетически	3.8	15647
968  	малость	3.8	15706
969  	настоятельно	3.8	15723
970  	неизмеримо	3.8	15729
971  	ок	3.8	15739
972  	психически	3.8	15797
973  	разочарованно	3.8	15805
974  	шутливо	3.8	15866
975  	безупречно	3.7	15899
976  	живьем	3.7	15948
977  	заблаговременно	3.7	15950
978  	комфортно	3.7	15974
979  	мало-мальски	3.7	15988
980  	неистово	3.7	16015
981  	неприлично	3.7	16017
982  	неразрывно	3.7	16019
983  	поодиночке	3.7	16062
984  	рядышком	3.7	16105
985  	бессильно	3.6	16160
986  	законно	3.6	16219
987  	наголо	3.6	16283
988  	натурально	3.6	16286
989  	невпопад	3.6	16290
990  	обреченно	3.6	16302
991  	общественно	3.6	16304
992  	отдаленно	3.6	16312
993  	ревниво	3.6	16379
994  	умеренно	3.6	16433
995  	целенаправленно	3.6	16448
996  	чудесно	3.6	16452
997  	экспериментально	3.6	16457
998  	азартно	3.5	16463
999  	бесповоротно	3.5	16476
1000  	впрок	3.5	16496
1001  	вчетвером	3.5	16497
1002  	доверчиво	3.5	16514
1003  	довольно-таки	3.5	16515
1004  	застенчиво	3.5	16529
1005  	зловеще	3.5	16535
1006  	итого	3.5	16546
1007  	молниеносно	3.5	16580
1008  	незначительно	3.5	16596
1009  	несравненно	3.5	16602
1010  	неудержимо	3.5	16603
1011  	отрывисто	3.5	16623
1012  	повторно	3.5	16640
1013  	простодушно	3.5	16666
1014  	чудно	3.5	16738
